Hall of Fame - top 20 genomes ever seen

rank |    fitness |  found at generation
   1 |    4278.45 |                  131
   2 |    4278.45 |                  132
   3 |    4278.45 |                  132
   4 |    4278.45 |                  133
   5 |    4278.45 |                  134
   6 |    4278.45 |                  134
   7 |    4278.45 |                  135
   8 |    4278.45 |                  136
   9 |    4278.45 |                  136
  10 |    4278.45 |                  136
  11 |    4278.45 |                  138
  12 |    4278.45 |                  138
  13 |    4278.45 |                  138
  14 |    4278.45 |                  139
  15 |    4278.45 |                  140
  16 |    4278.45 |                  140
  17 |    4278.45 |                  141
  18 |    4278.45 |                  141
  19 |    4278.45 |                  141
  20 |    4278.45 |                  142
